11101111101111100000010000000000
11111111111111111111111100000000
00000000000000001111111100000000
00000000000000001111111100000000
00000000000000001111111100000000
00000000000000001111111100000000
00000000111111110000000000000000
00000000111111110000000000000000
00000000111111110000000000000000
00000000111111110000000000000000
11111111000000000000000000000000
11111111000000000000000000000000
11111111000000000000000000000000
11111111000000000000000000000000
11111111111111111111111100000000
11111110000000101111111000000000
11101111101111100000010000000000
11111111111111111111111100000000
00000000000000001111111100000000
00000000000000001111111100000000
00000000000000001111111100000000
00000000000000001111111100000000
00000000111111110000000000000000
00000000111111110000000000000000
00000000111111110000000000000000
00000000111111110000000000000000
11111111000000000000000000000000
11111111000000000000000000000000
11111111000000000000000000000000
11111111000000000000000000000000
11111111111111111111111100000000
11111110000000101111111000000000
11101111101111100000010000000000
11111111111111111111111100000000
00000000000000001111111100000000
00000000000000001111111100000000
00000000000000001111111100000000
00000000000000001111111100000000
00000000111111110000000000000000
00000000111111110000000000000000
00000000111111110000000000000000
00000000111111110000000000000000
11111111000000000000000000000000
11111111000000000000000000000000
11111111000000000000000000000000
11111111000000000000000000000000
11111111111111111111111100000000
11111110000000101111111000000000
11101111101111100000010000000000
11111111111111111111111100000000
00000000000000001111111100000000
00000000000000001111111100000000
00000000000000001111111100000000
00000000000000001111111100000000
00000000111111110000000000000000
00000000111111110000000000000000
00000000111111110000000000000000
00000000111111110000000000000000
11111111000000000000000000000000
11111111000000000000000000000000
11111111000000000000000000000000
11111111000000000000000000000000
11111111111111111111111100000000
11111110000000101111111000000000
